43
Guangdong_Pangolin_P2S_2019 0.000000 0.057840 0.530158 0.601658 0.558758 0.430158 0.459358 0.404858 0.404858 0.376158 0.347558 0.256994 0.354464 0.426244 0.656522 0.656522 0.593622 0.503238 0.574448 0.555108 0.506073 0.543998 0.697198 0.613926 0.637294 1.492699 1.519447 1.347814 1.441449 2.079729 2.103629 2.031229 1.963287 1.947025 2.103056 2.103937 2.121698 2.107816 2.238486 2.464736 2.489706 2.503646 2.510026
Guangdong_Pangolin_1_2019 0.057840 0.000000 0.532618 0.604118 0.561218 0.432618 0.461818 0.407318 0.407318 0.378618 0.350018 0.259454 0.356924 0.428704 0.658982 0.658982 0.596082 0.505698 0.576908 0.557568 0.508533 0.546458 0.699658 0.616386 0.639754 1.495159 1.521907 1.350274 1.443909 2.082189 2.106089 2.033689 1.965747 1.949485 2.105516 2.106397 2.124158 2.110276 2.240946 2.467196 2.492166 2.506106 2.512486
Guangxi_Pangolin_P2V 0.530158 0.532618 0.000000 0.128500 0.085600 0.157000 0.415400 0.614102 0.614102 0.585402 0.556802 0.466238 0.658342 0.730122 0.960400 0.960400 0.897500 0.807116 0.878326 0.858986 0.809951 0.847876 1.001076 0.917804 0.941172 1.796577 1.823325 1.651692 1.745327 2.383607 2.407507 2.335107 2.267165 2.250903 2.406934 2.407815 2.425576 2.411694 2.542364 2.768614 2.793584 2.807524 2.813904
Guangxi_Pangolin_P5L 0.601658 0.604118 0.128500 0.000000 0.157100 0.228500 0.486900 0.685602 0.685602 0.656902 0.628302 0.537738 0.729842 0.801622 1.031900 1.031900 0.969000 0.878616 0.949826 0.930486 0.881451 0.919376 1.072576 0.989304 1.012672 1.868077 1.894825 1.723192 1.816827 2.455107 2.479007 2.406607 2.338665 2.322403 2.478434 2.479315 2.497076 2.483194 2.613864 2.840114 2.865084 2.879024 2.885404
Guangxi_Pangolin_P4L 0.558758 0.561218 0.085600 0.157100 0.000000 0.185600 0.444000 0.642702 0.642702 0.614002 0.585402 0.494838 0.686942 0.758722 0.989000 0.989000 0.926100 0.835716 0.906926 0.887586 0.838551 0.876476 1.029676 0.946404 0.969772 1.825177 1.851925 1.680292 1.773927 2.412207 2.436107 2.363707 2.295765 2.279503 2.435534 2.436415 2.454176 2.440294 2.570964 2.797214 2.822184 2.836124 2.842504
Guangxi_Pangolin_P5E 0.430158 0.432618 0.157000 0.228500 0.185600 0.000000 0.315400 0.514102 0.514102 0.485402 0.456802 0.366238 0.558342 0.630122 0.860400 0.860400 0.797500 0.707116 0.778326 0.758986 0.709951 0.747876 0.901076 0.817804 0.841172 1.696577 1.723325 1.551692 1.645327 2.283607 2.307507 2.235107 2.167165 2.150903 2.306934 2.307815 2.325576 2.311694 2.442364 2.668614 2.693584 2.707524 2.713904
Guangxi_Pangolin_P1E 0.459358 0.461818 0.415400 0.486900 0.444000 0.315400 0.000000 0.543302 0.543302 0.514602 0.486002 0.395438 0.587542 0.659322 0.889600 0.889600 0.826700 0.736316 0.807526 0.788186 0.739151 0.777076 0.930276 0.847004 0.870372 1.725777 1.752525 1.580892 1.674527 2.312807 2.336707 2.264307 2.196365 2.180103 2.336134 2.337015 2.354776 2.340894 2.471564 2.697814 2.722784 2.736724 2.743104
Hu_Italy_TE4836_2020 0.404858 0.407318 0.614102 0.685602 0.642702 0.514102 0.543302 0.000000 0.200000 0.228700 0.257300 0.230540 0.533042 0.604822 0.835100 0.835100 0.772200 0.681816 0.753026 0.733686 0.684651 0.722576 0.875776 0.792504 0.815872 1.671277 1.698025 1.526392 1.620027 2.258307 2.282207 2.209807 2.141865 2.125603 2.281634 2.282515 2.300276 2.286394 2.417064 2.643314 2.668284 2.682224 2.688604
Hu_USA_UT_00346_2020 0.404858 0.407318 0.614102 0.685602 0.642702 0.514102 0.543302 0.200000 0.000000 0.228700 0.257300 0.230540 0.533042 0.604822 0.835100 0.835100 0.772200 0.681816 0.753026 0.733686 0.684651 0.722576 0.875776 0.792504 0.815872 1.671277 1.698025 1.526392 1.620027 2.258307 2.282207 2.209807 2.141865 2.125603 2.281634 2.282515 2.300276 2.286394 2.417064 2.643314 2.668284 2.682224 2.688604
Hu_Wuhan_2020 0.376158 0.378618 0.585402 0.656902 0.614002 0.485402 0.514602 0.228700 0.228700 0.000000 0.228600 0.201840 0.504342 0.576122 0.806400 0.806400 0.743500 0.653116 0.724326 0.704986 0.655951 0.693876 0.847076 0.763804 0.787172 1.642577 1.669325 1.497692 1.591327 2.229607 2.253507 2.181107 2.113165 2.096903 2.252934 2.253815 2.271576 2.257694 2.388364 2.614614 2.639584 2.653524 2.659904
Hu_Australia_VIC231_2020 0.347558 0.350018 0.556802 0.628302 0.585402 0.456802 0.486002 0.257300 0.257300 0.228600 0.000000 0.173240 0.475742 0.547522 0.777800 0.777800 0.714900 0.624516 0.695726 0.676386 0.627351 0.665276 0.818476 0.735204 0.758572 1.613977 1.640725 1.469092 1.562727 2.201007 2.224907 2.152507 2.084565 2.068303 2.224334 2.225215 2.242976 2.229094 2.359764 2.586014 2.610984 2.624924 2.631304
RaTG13 0.256994 0.259454 0.466238 0.537738 0.494838 0.366238 0.395438 0.230540 0.230540 0.201840 0.173240 0.000000 0.385178 0.456958 0.687236 0.687236 0.624336 0.533952 0.605162 0.585822 0.536787 0.574712 0.727912 0.644640 0.668008 1.523413 1.550161 1.378528 1.472163 2.110443 2.134343 2.061943 1.994001 1.977739 2.133770 2.134651 2.152412 2.138530 2.269200 2.495450 2.520420 2.534360 2.540740
Bat_CoVZXC21 0.354464 0.356924 0.658342 0.729842 0.686942 0.558342 0.587542 0.533042 0.533042 0.504342 0.475742 0.385178 0.000000 0.122340 0.601592 0.601592 0.538692 0.448308 0.519518 0.500178 0.451143 0.489068 0.642268 0.558996 0.582364 1.437769 1.464517 1.292884 1.386519 2.024799 2.048699 1.976299 1.908357 1.892095 2.048126 2.049007 2.066768 2.052886 2.183556 2.409806 2.434776 2.448716 2.455096
Bat_CoVZC45 0.426244 0.428704 0.730122 0.801622 0.758722 0.630122 0.659322 0.604822 0.604822 0.576122 0.547522 0.456958 0.122340 0.000000 0.673372 0.673372 0.610472 0.520088 0.591298 0.571958 0.522923 0.560848 0.714048 0.630776 0.654144 1.509549 1.536297 1.364664 1.458299 2.096579 2.120479 2.048079 1.980137 1.963875 2.119906 2.120787 2.138548 2.124666 2.255336 2.481586 2.506556 2.520496 2.526876
Tor2 0.656522 0.658982 0.960400 1.031900 0.989000 0.860400 0.889600 0.835100 0.835100 0.806400 0.777800 0.687236 0.601592 0.673372 0.000000 0.200000 0.244100 0.260658 0.570560 0.551220 0.502185 0.540110 0.693310 0.675158 0.698526 1.646501 1.673249 1.501616 1.595251 2.233531 2.257431 2.185031 2.117089 2.100827 2.256858 2.257739 2.275500 2.261618 2.392288 2.618538 2.643508 2.657448 2.663828
SARS 0.656522 0.658982 0.960400 1.031900 0.989000 0.860400 0.889600 0.835100 0.835100 0.806400 0.777800 0.687236 0.601592 0.673372 0.200000 0.000000 0.244100 0.260658 0.570560 0.551220 0.502185 0.540110 0.693310 0.675158 0.698526 1.646501 1.673249 1.501616 1.595251 2.233531 2.257431 2.185031 2.117089 2.100827 2.256858 2.257739 2.275500 2.261618 2.392288 2.618538 2.643508 2.657448 2.663828
SARS-CoV_BJ182-4 0.593622 0.596082 0.897500 0.969000 0.926100 0.797500 0.826700 0.772200 0.772200 0.743500 0.714900 0.624336 0.538692 0.610472 0.244100 0.244100 0.000000 0.197758 0.507660 0.488320 0.439285 0.477210 0.630410 0.612258 0.635626 1.583601 1.610349 1.438716 1.532351 2.170631 2.194531 2.122131 2.054189 2.037927 2.193958 2.194839 2.212600 2.198718 2.329388 2.555638 2.580608 2.594548 2.600928
Rs3367 0.503238 0.505698 0.807116 0.878616 0.835716 0.707116 0.736316 0.681816 0.681816 0.653116 0.624516 0.533952 0.448308 0.520088 0.260658 0.260658 0.197758 0.000000 0.417276 0.397936 0.348901 0.386826 0.540026 0.521874 0.545242 1.493217 1.519965 1.348332 1.441967 2.080247 2.104147 2.031747 1.963805 1.947543 2.103574 2.104455 2.122216 2.108334 2.239004 2.465254 2.490224 2.504164 2.510544
HKU3-6 0.574448 0.576908 0.878326 0.949826 0.906926 0.778326 0.807526 0.753026 0.753026 0.724326 0.695726 0.605162 0.519518 0.591298 0.570560 0.570560 0.507660 0.417276 0.000000 0.081000 0.215295 0.321410 0.474610 0.593084 0.616452 1.564427 1.591175 1.419542 1.513177 2.151457 2.175357 2.102957 2.035015 2.018753 2.174784 2.175665 2.193426 2.179544 2.310214 2.536464 2.561434 2.575374 2.581754
HKU3-12 0.555108 0.557568 0.858986 0.930486 0.887586 0.758986 0.788186 0.733686 0.733686 0.704986 0.676386 0.585822 0.500178 0.571958 0.551220 0.551220 0.488320 0.397936 0.081000 0.000000 0.195955 0.302070 0.455270 0.573744 0.597112 1.545087 1.571835 1.400202 1.493837 2.132117 2.156017 2.083617 2.015675 1.999413 2.155444 2.156325 2.174086 2.160204 2.290874 2.517124 2.542094 2.556034 2.562414
BtCoV_279_2005 0.506073 0.508533 0.809951 0.881451 0.838551 0.709951 0.739151 0.684651 0.684651 0.655951 0.627351 0.536787 0.451143 0.522923 0.502185 0.502185 0.439285 0.348901 0.215295 0.195955 0.000000 0.253035 0.406235 0.524709 0.548077 1.496052 1.522800 1.351167 1.444802 2.083082 2.106982 2.034582 1.966640 1.950378 2.106409 2.107290 2.125051 2.111169 2.241839 2.468089 2.493059 2.506999 2.513379
BtCoV_273_2005 0.543998 0.546458 0.847876 0.919376 0.876476 0.747876 0.777076 0.722576 0.722576 0.693876 0.665276 0.574712 0.489068 0.560848 0.540110 0.540110 0.477210 0.386826 0.321410 0.302070 0.253035 0.000000 0.193400 0.562634 0.586002 1.533977 1.560725 1.389092 1.482727 2.121007 2.144907 2.072507 2.004565 1.988303 2.144334 2.145215 2.162976 2.149094 2.279764 2.506014 2.530984 2.544924 2.551304
Rf1 0.697198 0.699658 1.001076 1.072576 1.029676 0.901076 0.930276 0.875776 0.875776 0.847076 0.818476 0.727912 0.642268 0.714048 0.693310 0.693310 0.630410 0.540026 0.474610 0.455270 0.406235 0.193400 0.000000 0.715834 0.739202 1.687177 1.713925 1.542292 1.635927 2.274207 2.298107 2.225707 2.157765 2.141503 2.297534 2.298415 2.316176 2.302294 2.432964 2.659214 2.684184 2.698124 2.704504
BtKY72 0.613926 0.616386 0.917804 0.989304 0.946404 0.817804 0.847004 0.792504 0.792504 0.763804 0.735204 0.644640 0.558996 0.630776 0.675158 0.675158 0.612258 0.521874 0.593084 0.573744 0.524709 0.562634 0.715834 0.000000 0.363974 1.603905 1.630653 1.459020 1.552655 2.190935 2.214835 2.142435 2.074493 2.058231 2.214262 2.215143 2.232904 2.219022 2.349692 2.575942 2.600912 2.614852 2.621232
BM48_31_BGR_2008 0.637294 0.639754 0.941172 1.012672 0.969772 0.841172 0.870372 0.815872 0.815872 0.787172 0.758572 0.668008 0.582364 0.654144 0.698526 0.698526 0.635626 0.545242 0.616452 0.597112 0.548077 0.586002 0.739202 0.363974 0.000000 1.627273 1.654021 1.482388 1.576023 2.214303 2.238203 2.165803 2.097861 2.081599 2.237630 2.238511 2.256272 2.242390 2.373060 2.599310 2.624280 2.638220 2.644600
Bat_HKU5-1 1.492699 1.495159 1.796577 1.868077 1.825177 1.696577 1.725777 1.671277 1.671277 1.642577 1.613977 1.523413 1.437769 1.509549 1.646501 1.646501 1.583601 1.493217 1.564427 1.545087 1.496052 1.533977 1.687177 1.603905 1.627273 0.000000 0.856352 0.803607 2.049794 2.688074 2.711974 2.639574 2.571632 2.555370 2.711401 2.712282 2.730043 2.716161 2.846831 3.073081 3.098051 3.111991 3.118371
MERS-CoV_S 1.519447 1.521907 1.823325 1.894825 1.851925 1.723325 1.752525 1.698025 1.698025 1.669325 1.640725 1.550161 1.464517 1.536297 1.673249 1.673249 1.610349 1.519965 1.591175 1.571835 1.522800 1.560725 1.713925 1.630653 1.654021 0.856352 0.000000 0.830355 2.076542 2.714822 2.738722 2.666322 2.598380 2.582118 2.738149 2.739030 2.756791 2.742909 2.873579 3.099829 3.124799 3.138739 3.145119
Bat_HKU4-1 1.347814 1.350274 1.651692 1.723192 1.680292 1.551692 1.580892 1.526392 1.526392 1.497692 1.469092 1.378528 1.292884 1.364664 1.501616 1.501616 1.438716 1.348332 1.419542 1.400202 1.351167 1.389092 1.542292 1.459020 1.482388 0.803607 0.830355 0.000000 1.904909 2.543189 2.567089 2.494689 2.426747 2.410485 2.566516 2.567397 2.585158 2.571276 2.701946 2.928196 2.953166 2.967106 2.973486
Feline_per 1.441449 1.443909 1.745327 1.816827 1.773927 1.645327 1.674527 1.620027 1.620027 1.591327 1.562727 1.472163 1.386519 1.458299 1.595251 1.595251 1.532351 1.441967 1.513177 1.493837 1.444802 1.482727 1.635927 1.552655 1.576023 2.049794 2.076542 1.904909 0.000000 2.321188 2.345088 2.272688 2.204746 2.188484 2.344515 2.345396 2.363157 2.349275 2.479945 2.706195 2.731165 2.745105 2.751485
Murine_RA59/R13 2.079729 2.082189 2.383607 2.455107 2.412207 2.283607 2.312807 2.258307 2.258307 2.229607 2.201007 2.110443 2.024799 2.096579 2.233531 2.233531 2.170631 2.080247 2.151457 2.132117 2.083082 2.121007 2.274207 2.190935 2.214303 2.688074 2.714822 2.543189 2.321188 0.000000 0.119500 0.167300 0.233374 0.334296 0.863025 0.863906 0.881667 0.867785 0.998455 1.224705 1.249675 1.263615 1.269995
Murine_virus 2.103629 2.106089 2.407507 2.479007 2.436107 2.307507 2.336707 2.282207 2.282207 2.253507 2.224907 2.134343 2.048699 2.120479 2.257431 2.257431 2.194531 2.104147 2.175357 2.156017 2.106982 2.144907 2.298107 2.214835 2.238203 2.711974 2.738722 2.567089 2.345088 0.119500 0.000000 0.191200 0.257274 0.358196 0.886925 0.887806 0.905567 0.891685 1.022355 1.248605 1.273575 1.287515 1.293895
Murine_A59 2.031229 2.033689 2.335107 2.406607 2.363707 2.235107 2.264307 2.209807 2.209807 2.181107 2.152507 2.061943 1.976299 2.048079 2.185031 2.185031 2.122131 2.031747 2.102957 2.083617 2.034582 2.072507 2.225707 2.142435 2.165803 2.639574 2.666322 2.494689 2.272688 0.167300 0.191200 0.000000 0.184874 0.285796 0.814525 0.815406 0.833167 0.819285 0.949955 1.176205 1.201175 1.215115 1.221495
Murine_JHM 1.963287 1.965747 2.267165 2.338665 2.295765 2.167165 2.196365 2.141865 2.141865 2.113165 2.084565 1.994001 1.908357 1.980137 2.117089 2.117089 2.054189 1.963805 2.035015 2.015675 1.966640 2.004565 2.157765 2.074493 2.097861 2.571632 2.598380 2.426747 2.204746 0.233374 0.257274 0.184874 0.000000 0.217854 0.746583 0.747464 0.765225 0.751343 0.882013 1.108263 1.133233 1.147173 1.153553
Rat_Parker 1.947025 1.949485 2.250903 2.322403 2.279503 2.150903 2.180103 2.125603 2.125603 2.096903 2.068303 1.977739 1.892095 1.963875 2.100827 2.100827 2.037927 1.947543 2.018753 1.999413 1.950378 1.988303 2.141503 2.058231 2.081599 2.555370 2.582118 2.410485 2.188484 0.334296 0.358196 0.285796 0.217854 0.000000 0.730321 0.731202 0.748963 0.735081 0.865751 1.092001 1.116971 1.130911 1.137291
HKU1 2.103056 2.105516 2.406934 2.478434 2.435534 2.306934 2.336134 2.281634 2.281634 2.252934 2.224334 2.133770 2.048126 2.119906 2.256858 2.256858 2.193958 2.103574 2.174784 2.155444 2.106409 2.144334 2.297534 2.214262 2.237630 2.711401 2.738149 2.566516 2.344515 0.863025 0.886925 0.814525 0.746583 0.730321 0.000000 0.703353 0.721114 0.707232 0.837902 1.064152 1.089122 1.103062 1.109442
Equine_NC99 2.103937 2.106397 2.407815 2.479315 2.436415 2.307815 2.337015 2.282515 2.282515 2.253815 2.225215 2.134651 2.049007 2.120787 2.257739 2.257739 2.194839 2.104455 2.175665 2.156325 2.107290 2.145215 2.298415 2.215143 2.238511 2.712282 2.739030 2.567397 2.345396 0.863906 0.887806 0.815406 0.747464 0.731202 0.703353 0.000000 0.453783 0.439901 0.570571 0.796821 0.821791 0.835731 0.842111
Porcine_v 2.121698 2.124158 2.425576 2.497076 2.454176 2.325576 2.354776 2.300276 2.300276 2.271576 2.242976 2.152412 2.066768 2.138548 2.275500 2.275500 2.212600 2.122216 2.193426 2.174086 2.125051 2.162976 2.316176 2.232904 2.256272 2.730043 2.756791 2.585158 2.363157 0.881667 0.905567 0.833167 0.765225 0.748963 0.721114 0.453783 0.000000 0.245120 0.375790 0.602040 0.627010 0.640950 0.647330
Rabbit_HKU14 2.107816 2.110276 2.411694 2.483194 2.440294 2.311694 2.340894 2.286394 2.286394 2.257694 2.229094 2.138530 2.052886 2.124666 2.261618 2.261618 2.198718 2.108334 2.179544 2.160204 2.111169 2.149094 2.302294 2.219022 2.242390 2.716161 2.742909 2.571276 2.349275 0.867785 0.891685 0.819285 0.751343 0.735081 0.707232 0.439901 0.245120 0.000000 0.218830 0.445080 0.470050 0.483990 0.490370
Human_OC43 2.238486 2.240946 2.542364 2.613864 2.570964 2.442364 2.471564 2.417064 2.417064 2.388364 2.359764 2.269200 2.183556 2.255336 2.392288 2.392288 2.329388 2.239004 2.310214 2.290874 2.241839 2.279764 2.432964 2.349692 2.373060 2.846831 2.873579 2.701946 2.479945 0.998455 1.022355 0.949955 0.882013 0.865751 0.837902 0.570571 0.375790 0.218830 0.000000 0.327570 0.352540 0.366480 0.372860
Human_ent_4408 2.464736 2.467196 2.768614 2.840114 2.797214 2.668614 2.697814 2.643314 2.643314 2.614614 2.586014 2.495450 2.409806 2.481586 2.618538 2.618538 2.555638 2.465254 2.536464 2.517124 2.468089 2.506014 2.659214 2.575942 2.599310 3.073081 3.099829 2.928196 2.706195 1.224705 1.248605 1.176205 1.108263 1.092001 1.064152 0.796821 0.602040 0.445080 0.327570 0.000000 0.205790 0.219730 0.226110
Bovine_OH440 2.489706 2.492166 2.793584 2.865084 2.822184 2.693584 2.722784 2.668284 2.668284 2.639584 2.610984 2.520420 2.434776 2.506556 2.643508 2.643508 2.580608 2.490224 2.561434 2.542094 2.493059 2.530984 2.684184 2.600912 2.624280 3.098051 3.124799 2.953166 2.731165 1.249675 1.273575 1.201175 1.133233 1.116971 1.089122 0.821791 0.627010 0.470050 0.352540 0.205790 0.000000 0.103940 0.110320
Bovine_CoV 2.503646 2.506106 2.807524 2.879024 2.836124 2.707524 2.736724 2.682224 2.682224 2.653524 2.624924 2.534360 2.448716 2.520496 2.657448 2.657448 2.594548 2.504164 2.575374 2.556034 2.506999 2.544924 2.698124 2.614852 2.638220 3.111991 3.138739 2.967106 2.745105 1.263615 1.287515 1.215115 1.147173 1.130911 1.103062 0.835731 0.640950 0.483990 0.366480 0.219730 0.103940 0.000000 0.061700
Bovine_AH187 2.510026 2.512486 2.813904 2.885404 2.842504 2.713904 2.743104 2.688604 2.688604 2.659904 2.631304 2.540740 2.455096 2.526876 2.663828 2.663828 2.600928 2.510544 2.581754 2.562414 2.513379 2.551304 2.704504 2.621232 2.644600 3.118371 3.145119 2.973486 2.751485 1.269995 1.293895 1.221495 1.153553 1.137291 1.109442 0.842111 0.647330 0.490370 0.372860 0.226110 0.110320 0.061700 0.000000

Hu_Australia_VIC231_2020 0.000000 0.200000 0.200000 0.200000 0.282172 0.282172 0.281880 0.456209 0.490869 0.490869 0.490869 0.413359 0.619231 0.619231 0.619231 0.511014 0.636497 0.585061 0.933323 0.985843 1.010785 0.948575 0.928123 0.928123 0.866623 5.319992 5.203289 4.899105 5.717389 5.717389 5.617389 5.729208 5.282450 5.335887 5.472939 5.509396 5.521021 5.512666 5.511856 5.509396 5.384651 5.360274 4.980577
Hu_USA_UT_00346_2020 0.200000 0.000000 0.200000 0.200000 0.282172 0.282172 0.281880 0.456209 0.490869 0.490869 0.490869 0.413359 0.619231 0.619231 0.619231 0.511014 0.636497 0.585061 0.933323 0.985843 1.010785 0.948575 0.928123 0.928123 0.866623 5.319992 5.203289 4.899105 5.717389 5.717389 5.617389 5.729208 5.282450 5.335887 5.472939 5.509396 5.521021 5.512666 5.511856 5.509396 5.384651 5.360274 4.980577
Hu_Wuhan_2020 0.200000 0.200000 0.000000 0.200000 0.282172 0.282172 0.281880 0.456209 0.490869 0.490869 0.490869 0.413359 0.619231 0.619231 0.619231 0.511014 0.636497 0.585061 0.933323 0.985843 1.010785 0.948575 0.928123 0.928123 0.866623 5.319992 5.203289 4.899105 5.717389 5.717389 5.617389 5.729208 5.282450 5.335887 5.472939 5.509396 5.521021 5.512666 5.511856 5.509396 5.384651 5.360274 4.980577
Hu_Italy_TE4836_2020 0.200000 0.200000 0.200000 0.000000 0.282172 0.282172 0.281880 0.456209 0.490869 0.490869 0.490869 0.413359 0.619231 0.619231 0.619231 0.511014 0.636497 0.585061 0.933323 0.985843 1.010785 0.948575 0.928123 0.928123 0.866623 5.319992 5.203289 4.899105 5.717389 5.717389 5.617389 5.729208 5.282450 5.335887 5.472939 5.509396 5.521021 5.512666 5.511856 5.509396 5.384651 5.360274 4.980577
Guangdong_Pangolin_1_2019 0.282172 0.282172 0.282172 0.282172 0.000000 0.200000 0.293988 0.468317 0.502977 0.502977 0.502977 0.425467 0.631339 0.631339 0.631339 0.523122 0.648605 0.597169 0.945431 0.997951 1.022893 0.960683 0.940231 0.940231 0.878731 5.332100 5.215397 4.911213 5.729497 5.729497 5.629497 5.741316 5.294558 5.347995 5.485047 5.521504 5.533129 5.524774 5.523964 5.521504 5.396759 5.372382 4.992685
Guangdong_Pangolin_P2S_2019 0.282172 0.282172 0.282172 0.282172 0.200000 0.000000 0.293988 0.468317 0.502977 0.502977 0.502977 0.425467 0.631339 0.631339 0.631339 0.523122 0.648605 0.597169 0.945431 0.997951 1.022893 0.960683 0.940231 0.940231 0.878731 5.332100 5.215397 4.911213 5.729497 5.729497 5.629497 5.741316 5.294558 5.347995 5.485047 5.521504 5.533129 5.524774 5.523964 5.521504 5.396759 5.372382 4.992685
RaTG13 0.281880 0.281880 0.281880 0.281880 0.293988 0.293988 0.000000 0.359339 0.393999 0.393999 0.393999 0.316489 0.522361 0.522361 0.522361 0.414144 0.539627 0.488191 0.836453 0.888973 0.913915 0.851705 0.831253 0.831253 0.769753 5.223122 5.106419 4.802235 5.620519 5.620519 5.520519 5.632338 5.185580 5.239017 5.376069 5.412526 5.424151 5.415796 5.414986 5.412526 5.287781 5.263404 4.883707
Guangxi_Pangolin_P5E 0.456209 0.456209 0.456209 0.456209 0.468317 0.468317 0.359339 0.000000 0.165340 0.165340 0.165340 0.279810 0.638520 0.638520 0.638520 0.530303 0.655786 0.604350 0.952612 1.005132 1.030074 0.967864 0.947412 0.947412 0.885912 5.339281 5.222578 4.918394 5.736678 5.736678 5.636678 5.748497 5.301739 5.355176 5.492228 5.528685 5.540310 5.531955 5.531145 5.528685 5.403940 5.379563 4.999866
Guangxi_Pangolin_P2V 0.490869 0.490869 0.490869 0.490869 0.502977 0.502977 0.393999 0.165340 0.000000 0.200000 0.200000 0.314470 0.673180 0.673180 0.673180 0.564963 0.690446 0.639010 0.987272 1.039792 1.064734 1.002524 0.982072 0.982072 0.920572 5.373941 5.257238 4.953054 5.771338 5.771338 5.671338 5.783157 5.336399 5.389836 5.526888 5.563345 5.574970 5.566615 5.565805 5.563345 5.438600 5.414223 5.034526
Guangxi_Pangolin_P4L 0.490869 0.490869 0.490869 0.490869 0.502977 0.502977 0.393999 0.165340 0.200000 0.000000 0.200000 0.314470 0.673180 0.673180 0.673180 0.564963 0.690446 0.639010 0.987272 1.039792 1.064734 1.002524 0.982072 0.982072 0.920572 5.373941 5.257238 4.953054 5.771338 5.771338 5.671338 5.783157 5.336399 5.389836 5.526888 5.563345 5.574970 5.566615 5.565805 5.563345 5.438600 5.414223 5.034526
Guangxi_Pangolin_P5L 0.490869 0.490869 0.490869 0.490869 0.502977 0.502977 0.393999 0.165340 0.200000 0.200000 0.000000 0.314470 0.673180 0.673180 0.673180 0.564963 0.690446 0.639010 0.987272 1.039792 1.064734 1.002524 0.982072 0.982072 0.920572 5.373941 5.257238 4.953054 5.771338 5.771338 5.671338 5.783157 5.336399 5.389836 5.526888 5.563345 5.574970 5.566615 5.565805 5.563345 5.438600 5.414223 5.034526
Guangxi_Pangolin_P1E 0.413359 0.413359 0.413359 0.413359 0.425467 0.425467 0.316489 0.279810 0.314470 0.314470 0.314470 0.000000 0.595670 0.595670 0.595670 0.487453 0.612936 0.561500 0.909762 0.962282 0.987224 0.925014 0.904562 0.904562 0.843062 5.296431 5.179728 4.875544 5.693828 5.693828 5.593828 5.705647 5.258889 5.312326 5.449378 5.485835 5.497460 5.489105 5.488295 5.485835 5.361090 5.336713 4.957016
SARS 0.619231 0.619231 0.619231 0.619231 0.631339 0.631339 0.522361 0.638520 0.673180 0.673180 0.673180 0.595670 0.000000 0.200000 0.200000 0.164189 0.605428 0.553992 0.902254 0.954774 0.979716 0.917506 0.897054 0.897054 0.835554 5.288923 5.172220 4.868036 5.686320 5.686320 5.586320 5.698139 5.251381 5.304818 5.441870 5.478327 5.489952 5.481597 5.480787 5.478327 5.353582 5.329205 4.949508
Tor2 0.619231 0.619231 0.619231 0.619231 0.631339 0.631339 0.522361 0.638520 0.673180 0.673180 0.673180 0.595670 0.200000 0.000000 0.200000 0.164189 0.605428 0.553992 0.902254 0.954774 0.979716 0.917506 0.897054 0.897054 0.835554 5.288923 5.172220 4.868036 5.686320 5.686320 5.586320 5.698139 5.251381 5.304818 5.441870 5.478327 5.489952 5.481597 5.480787 5.478327 5.353582 5.329205 4.949508
SARS-CoV_BJ182-4 0.619231 0.619231 0.619231 0.619231 0.631339 0.631339 0.522361 0.638520 0.673180 0.673180 0.673180 0.595670 0.200000 0.200000 0.000000 0.164189 0.605428 0.553992 0.902254 0.954774 0.979716 0.917506 0.897054 0.897054 0.835554 5.288923 5.172220 4.868036 5.686320 5.686320 5.586320 5.698139 5.251381 5.304818 5.441870 5.478327 5.489952 5.481597 5.480787 5.478327 5.353582 5.329205 4.949508
Rs3367 0.511014 0.511014 0.511014 0.511014 0.523122 0.523122 0.414144 0.530303 0.564963 0.564963 0.564963 0.487453 0.164189 0.164189 0.164189 0.000000 0.497211 0.445775 0.794037 0.846557 0.871499 0.809289 0.788837 0.788837 0.727337 5.180706 5.064003 4.759819 5.578103 5.578103 5.478103 5.589922 5.143164 5.196601 5.333653 5.370110 5.381735 5.373380 5.372570 5.370110 5.245365 5.220988 4.841291
BM48_31_BGR_2008 0.636497 0.636497 0.636497 0.636497 0.648605 0.648605 0.539627 0.655786 0.690446 0.690446 0.690446 0.612936 0.605428 0.605428 0.605428 0.497211 0.000000 0.273028 0.919520 0.972040 0.996982 0.934772 0.914320 0.914320 0.852820 5.306189 5.189486 4.885302 5.703586 5.703586 5.603586 5.715405 5.268647 5.322084 5.459136 5.495593 5.507218 5.498863 5.498053 5.495593 5.370848 5.346471 4.966774
BtKY72 0.585061 0.585061 0.585061 0.585061 0.597169 0.597169 0.488191 0.604350 0.639010 0.639010 0.639010 0.561500 0.553992 0.553992 0.553992 0.445775 0.273028 0.000000 0.868084 0.920604 0.945546 0.883336 0.862884 0.862884 0.801384 5.254753 5.138050 4.833866 5.652150 5.652150 5.552150 5.663969 5.217211 5.270648 5.407700 5.444157 5.455782 5.447427 5.446617 5.444157 5.319412 5.295035 4.915338
Bat_CoVZC45 0.933323 0.933323 0.933323 0.933323 0.945431 0.945431 0.836453 0.952612 0.987272 0.987272 0.987272 0.909762 0.902254 0.902254 0.902254 0.794037 0.919520 0.868084 0.000000 0.252520 0.323336 0.261126 0.335888 0.335888 0.274388 4.937749 4.821046 4.516862 5.335146 5.335146 5.235146 5.346965 4.900207 4.953644 5.090696 5.127153 5.138778 5.130423 5.129613 5.127153 5.002408 4.978031 4.598334
Bat_CoVZXC21 0.985843 0.985843 0.985843 0.985843 0.997951 0.997951 0.888973 1.005132 1.039792 1.039792 1.039792 0.962282 0.954774 0.954774 0.954774 0.846557 0.972040 0.920604 0.252520 0.000000 0.375856 0.313646 0.388408 0.388408 0.326908 4.990269 4.873566 4.569382 5.387666 5.387666 5.287666 5.399485 4.952727 5.006164 5.143216 5.179673 5.191298 5.182943 5.182133 5.179673 5.054928 5.030551 4.650854
BtCoV_273_2005 1.010785 1.010785 1.010785 1.010785 1.022893 1.022893 0.913915 1.030074 1.064734 1.064734 1.064734 0.987224 0.979716 0.979716 0.979716 0.871499 0.996982 0.945546 0.323336 0.375856 0.000000 0.262210 0.413350 0.413350 0.351850 5.015211 4.898508 4.594324 5.412608 5.412608 5.312608 5.424427 4.977669 5.031106 5.168158 5.204615 5.216240 5.207885 5.207075 5.204615 5.079870 5.055493 4.675796
Rf1 0.948575 0.948575 0.948575 0.948575 0.960683 0.960683 0.851705 0.967864 1.002524 1.002524 1.002524 0.925014 0.917506 0.917506 0.917506 0.809289 0.934772 0.883336 0.261126 0.313646 0.262210 0.000000 0.351140 0.351140 0.289640 4.953001 4.836298 4.532114 5.350398 5.350398 5.250398 5.362217 4.915459 4.968896 5.105948 5.142405 5.154030 5.145675 5.144865 5.142405 5.017660 4.993283 4.613586
HKU3-12 0.928123 0.928123 0.928123 0.928123 0.940231 0.940231 0.831253 0.947412 0.982072 0.982072 0.982072 0.904562 0.897054 0.897054 0.897054 0.788837 0.914320 0.862884 0.335888 0.388408 0.413350 0.351140 0.000000 0.200000 0.204880 4.932549 4.815846 4.511662 5.329946 5.329946 5.229946 5.341765 4.895007 4.948444 5.085496 5.121953 5.133578 5.125223 5.124413 5.121953 4.997208 4.972831 4.593134
HKU3-6 0.928123 0.928123 0.928123 0.928123 0.940231 0.940231 0.831253 0.947412 0.982072 0.982072 0.982072 0.904562 0.897054 0.897054 0.897054 0.788837 0.914320 0.862884 0.335888 0.388408 0.413350 0.351140 0.200000 0.000000 0.204880 4.932549 4.815846 4.511662 5.329946 5.329946 5.229946 5.341765 4.895007 4.948444 5.085496 5.121953 5.133578 5.125223 5.124413 5.121953 4.997208 4.972831 4.593134
BtCoV_279_2005 0.866623 0.866623 0.866623 0.866623 0.878731 0.878731 0.769753 0.885912 0.920572 0.920572 0.920572 0.843062 0.835554 0.835554 0.835554 0.727337 0.852820 0.801384 0.274388 0.326908 0.351850 0.289640 0.204880 0.204880 0.000000 4.871049 4.754346 4.450162 5.268446 5.268446 5.168446 5.280265 4.833507 4.886944 5.023996 5.060453 5.072078 5.063723 5.062913 5.060453 4.935708 4.911331 4.531634
MERS-CoV_S 5.319992 5.319992 5.319992 5.319992 5.332100 5.332100 5.223122 5.339281 5.373941 5.373941 5.373941 5.296431 5.288923 5.288923 5.288923 5.180706 5.306189 5.254753 4.937749 4.990269 5.015211 4.953001 4.932549 4.932549 4.871049 0.000000 0.720517 0.855109 3.748653 3.748653 3.648653 3.760472 3.313714 3.367151 3.504203 3.540660 3.552285 3.543930 3.543120 3.540660 3.415915 3.391538 3.011841
Bat_HKU5-1 5.203289 5.203289 5.203289 5.203289 5.215397 5.215397 5.106419 5.222578 5.257238 5.257238 5.257238 5.179728 5.172220 5.172220 5.172220 5.064003 5.189486 5.138050 4.821046 4.873566 4.898508 4.836298 4.815846 4.815846 4.754346 0.720517 0.000000 0.738406 3.631950 3.631950 3.531950 3.643769 3.197011 3.250448 3.387500 3.423957 3.435582 3.427227 3.426417 3.423957 3.299212 3.274835 2.895138
Bat_HKU4-1 4.899105 4.899105 4.899105 4.899105 4.911213 4.911213 4.802235 4.918394 4.953054 4.953054 4.953054 4.875544 4.868036 4.868036 4.868036 4.759819 4.885302 4.833866 4.516862 4.569382 4.594324 4.532114 4.511662 4.511662 4.450162 0.855109 0.738406 0.000000 3.327766 3.327766 3.227766 3.339585 2.892827 2.946264 3.083316 3.119773 3.131398 3.123043 3.122233 3.119773 2.995028 2.970651 2.590954
Murine_A59 5.717389 5.717389 5.717389 5.717389 5.729497 5.729497 5.620519 5.736678 5.771338 5.771338 5.771338 5.693828 5.686320 5.686320 5.686320 5.578103 5.703586 5.652150 5.335146 5.387666 5.412608 5.350398 5.329946 5.329946 5.268446 3.748653 3.631950 3.327766 0.000000 0.200000 0.300000 0.943419 0.813619 0.867056 1.429174 1.465631 1.477256 1.468901 1.468091 1.465631 1.340886 1.316509 0.936812
Murine_RA59/R13 5.717389 5.717389 5.717389 5.717389 5.729497 5.729497 5.620519 5.736678 5.771338 5.771338 5.771338 5.693828 5.686320 5.686320 5.686320 5.578103 5.703586 5.652150 5.335146 5.387666 5.412608 5.350398 5.329946 5.329946 5.268446 3.748653 3.631950 3.327766 0.200000 0.000000 0.300000 0.943419 0.813619 0.867056 1.429174 1.465631 1.477256 1.468901 1.468091 1.465631 1.340886 1.316509 0.936812
Feline_per 5.617389 5.617389 5.617389 5.617389 5.629497 5.629497 5.520519 5.636678 5.671338 5.671338 5.671338 5.593828 5.586320 5.586320 5.586320 5.478103 5.603586 5.552150 5.235146 5.287666 5.312608 5.250398 5.229946 5.229946 5.168446 3.648653 3.531950 3.227766 0.300000 0.300000 0.000000 0.843419 0.713619 0.767056 1.329174 1.365631 1.377256 1.368901 1.368091 1.365631 1.240886 1.216509 0.836812
Murine_JHM 5.729208 5.729208 5.729208 5.729208 5.741316 5.741316 5.632338 5.748497 5.783157 5.783157 5.783157 5.705647 5.698139 5.698139 5.698139 5.589922 5.715405 5.663969 5.346965 5.399485 5.424427 5.362217 5.341765 5.341765 5.280265 3.760472 3.643769 3.339585 0.943419 0.943419 0.843419 0.000000 0.825438 0.878875 1.440993 1.477450 1.489075 1.480720 1.479910 1.477450 1.352705 1.328328 0.948631
Murine_virus 5.282450 5.282450 5.282450 5.282450 5.294558 5.294558 5.185580 5.301739 5.336399 5.336399 5.336399 5.258889 5.251381 5.251381 5.251381 5.143164 5.268647 5.217211 4.900207 4.952727 4.977669 4.915459 4.895007 4.895007 4.833507 3.313714 3.197011 2.892827 0.813619 0.813619 0.713619 0.825438 0.000000 0.209389 0.994235 1.030692 1.042317 1.033962 1.033152 1.030692 0.905947 0.881570 0.501873
Rat_Parker 5.335887 5.335887 5.335887 5.335887 5.347995 5.347995 5.239017 5.355176 5.389836 5.389836 5.389836 5.312326 5.304818 5.304818 5.304818 5.196601 5.322084 5.270648 4.953644 5.006164 5.031106 4.968896 4.948444 4.948444 4.886944 3.367151 3.250448 2.946264 0.867056 0.867056 0.767056 0.878875 0.209389 0.000000 1.047672 1.084129 1.095754 1.087399 1.086589 1.084129 0.959384 0.935007 0.555310
Rabbit_HKU14 5.472939 5.472939 5.472939 5.472939 5.485047 5.485047 5.376069 5.492228 5.526888 5.526888 5.526888 5.449378 5.441870 5.441870 5.441870 5.333653 5.459136 5.407700 5.090696 5.143216 5.168158 5.105948 5.085496 5.085496 5.023996 3.504203 3.387500 3.083316 1.429174 1.429174 1.329174 1.440993 0.994235 1.047672 0.000000 0.163543 0.175168 0.166813 0.166003 0.163543 0.498924 0.646821 0.692362
Bovine_CoV 5.509396 5.509396 5.509396 5.509396 5.521504 5.521504 5.412526 5.528685 5.563345 5.563345 5.563345 5.485835 5.478327 5.478327 5.478327 5.370110 5.495593 5.444157 5.127153 5.179673 5.204615 5.142405 5.121953 5.121953 5.060453 3.540660 3.423957 3.119773 1.465631 1.465631 1.365631 1.477450 1.030692 1.084129 0.163543 0.000000 0.211625 0.203270 0.202460 0.200000 0.535381 0.683278 0.728819
Human_OC43 5.521021 5.521021 5.521021 5.521021 5.533129 5.533129 5.424151 5.540310 5.574970 5.574970 5.574970 5.497460 5.489952 5.489952 5.489952 5.381735 5.507218 5.455782 5.138778 5.191298 5.216240 5.154030 5.133578 5.133578 5.072078 3.552285 3.435582 3.131398 1.477256 1.477256 1.377256 1.489075 1.042317 1.095754 0.175168 0.211625 0.000000 0.214895 0.214085 0.211625 0.547006 0.694903 0.740444
Bovine_OH440 5.512666 5.512666 5.512666 5.512666 5.524774 5.524774 5.415796 5.531955 5.566615 5.566615 5.566615 5.489105 5.481597 5.481597 5.481597 5.373380 5.498863 5.447427 5.130423 5.182943 5.207885 5.145675 5.125223 5.125223 5.063723 3.543930 3.427227 3.123043 1.468901 1.468901 1.368901 1.480720 1.033962 1.087399 0.166813 0.203270 0.214895 0.000000 0.205730 0.203270 0.538651 0.686548 0.732089
Bovine_AH187 5.511856 5.511856 5.511856 5.511856 5.523964 5.523964 5.414986 5.531145 5.565805 5.565805 5.565805 5.488295 5.480787 5.480787 5.480787 5.372570 5.498053 5.446617 5.129613 5.182133 5.207075 5.144865 5.124413 5.124413 5.062913 3.543120 3.426417 3.122233 1.468091 1.468091 1.368091 1.479910 1.033152 1.086589 0.166003 0.202460 0.214085 0.205730 0.000000 0.202460 0.537841 0.685738 0.731279
Human_ent_4408 5.509396 5.509396 5.509396 5.509396 5.521504 5.521504 5.412526 5.528685 5.563345 5.563345 5.563345 5.485835 5.478327 5.478327 5.478327 5.370110 5.495593 5.444157 5.127153 5.179673 5.204615 5.142405 5.121953 5.121953 5.060453 3.540660 3.423957 3.119773 1.465631 1.465631 1.365631 1.477450 1.030692 1.084129 0.163543 0.200000 0.211625 0.203270 0.202460 0.000000 0.535381 0.683278 0.728819
Equine_NC99 5.384651 5.384651 5.384651 5.384651 5.396759 5.396759 5.287781 5.403940 5.438600 5.438600 5.438600 5.361090 5.353582 5.353582 5.353582 5.245365 5.370848 5.319412 5.002408 5.054928 5.079870 5.017660 4.997208 4.997208 4.935708 3.415915 3.299212 2.995028 1.340886 1.340886 1.240886 1.352705 0.905947 0.959384 0.498924 0.535381 0.547006 0.538651 0.537841 0.535381 0.000000 0.558533 0.604074
Porcine_v 5.360274 5.360274 5.360274 5.360274 5.372382 5.372382 5.263404 5.379563 5.414223 5.414223 5.414223 5.336713 5.329205 5.329205 5.329205 5.220988 5.346471 5.295035 4.978031 5.030551 5.055493 4.993283 4.972831 4.972831 4.911331 3.391538 3.274835 2.970651 1.316509 1.316509 1.216509 1.328328 0.881570 0.935007 0.646821 0.683278 0.694903 0.686548 0.685738 0.683278 0.558533 0.000000 0.579697
HKU1 4.980577 4.980577 4.980577 4.980577 4.992685 4.992685 4.883707 4.999866 5.034526 5.034526 5.034526 4.957016 4.949508 4.949508 4.949508 4.841291 4.966774 4.915338 4.598334 4.650854 4.675796 4.613586 4.593134 4.593134 4.531634 3.011841 2.895138 2.590954 0.936812 0.936812 0.836812 0.948631 0.501873 0.555310 0.692362 0.728819 0.740444 0.732089 0.731279 0.728819 0.604074 0.579697 0.000000