43
Guangdong_Pangolin_P2S_2019 0.000000 0.200000 0.388520 0.388520 0.388520 0.388520 0.433210 0.433210 0.344210 0.432188 0.406796 0.531790 0.531790 0.531790 1.834182 1.834182 1.834182 1.834182 1.818305 1.818305 1.661575 1.728082 1.612300 1.610008 1.669922 2.040110 1.595024 1.593849 2.973532 1.540525 1.696774 1.598415 0.544110 0.544110 0.494220 0.494220 0.388110 0.478460 0.469000 0.469000 0.469000 0.469000 0.469000
Guangdong_Pangolin_1_2019 0.200000 0.000000 0.388520 0.388520 0.388520 0.388520 0.433210 0.433210 0.344210 0.432188 0.406796 0.531790 0.531790 0.531790 1.834182 1.834182 1.834182 1.834182 1.818305 1.818305 1.661575 1.728082 1.612300 1.610008 1.669922 2.040110 1.595024 1.593849 2.973532 1.540525 1.696774 1.598415 0.544110 0.544110 0.494220 0.494220 0.388110 0.478460 0.469000 0.469000 0.469000 0.469000 0.469000
Hu_Australia_VIC231_2020 0.388520 0.388520 0.000000 0.200000 0.200000 0.200000 0.333310 0.333310 0.244310 0.532288 0.506896 0.631890 0.631890 0.631890 1.934282 1.934282 1.934282 1.934282 1.918405 1.918405 1.761675 1.828182 1.712400 1.710108 1.770022 2.140210 1.695124 1.693949 3.073632 1.640625 1.796874 1.698515 0.644210 0.644210 0.594320 0.594320 0.488210 0.578560 0.569100 0.569100 0.569100 0.569100 0.569100
Hu_Wuhan_2020 0.388520 0.388520 0.200000 0.000000 0.200000 0.200000 0.333310 0.333310 0.244310 0.532288 0.506896 0.631890 0.631890 0.631890 1.934282 1.934282 1.934282 1.934282 1.918405 1.918405 1.761675 1.828182 1.712400 1.710108 1.770022 2.140210 1.695124 1.693949 3.073632 1.640625 1.796874 1.698515 0.644210 0.644210 0.594320 0.594320 0.488210 0.578560 0.569100 0.569100 0.569100 0.569100 0.569100
Hu_USA_UT_00346_2020 0.388520 0.388520 0.200000 0.200000 0.000000 0.200000 0.333310 0.333310 0.244310 0.532288 0.506896 0.631890 0.631890 0.631890 1.934282 1.934282 1.934282 1.934282 1.918405 1.918405 1.761675 1.828182 1.712400 1.710108 1.770022 2.140210 1.695124 1.693949 3.073632 1.640625 1.796874 1.698515 0.644210 0.644210 0.594320 0.594320 0.488210 0.578560 0.569100 0.569100 0.569100 0.569100 0.569100
Hu_Italy_TE4836_2020 0.388520 0.388520 0.200000 0.200000 0.200000 0.000000 0.333310 0.333310 0.244310 0.532288 0.506896 0.631890 0.631890 0.631890 1.934282 1.934282 1.934282 1.934282 1.918405 1.918405 1.761675 1.828182 1.712400 1.710108 1.770022 2.140210 1.695124 1.693949 3.073632 1.640625 1.796874 1.698515 0.644210 0.644210 0.594320 0.594320 0.488210 0.578560 0.569100 0.569100 0.569100 0.569100 0.569100
Bat_CoVZXC21 0.433210 0.433210 0.333310 0.333310 0.333310 0.333310 0.000000 0.200000 0.289000 0.576978 0.551586 0.676580 0.676580 0.676580 1.978972 1.978972 1.978972 1.978972 1.963095 1.963095 1.806365 1.872872 1.757090 1.754798 1.814712 2.184900 1.739814 1.738639 3.118322 1.685315 1.841564 1.743205 0.688900 0.688900 0.639010 0.639010 0.532900 0.623250 0.613790 0.613790 0.613790 0.613790 0.613790
Bat_CoVZC45 0.433210 0.433210 0.333310 0.333310 0.333310 0.333310 0.200000 0.000000 0.289000 0.576978 0.551586 0.676580 0.676580 0.676580 1.978972 1.978972 1.978972 1.978972 1.963095 1.963095 1.806365 1.872872 1.757090 1.754798 1.814712 2.184900 1.739814 1.738639 3.118322 1.685315 1.841564 1.743205 0.688900 0.688900 0.639010 0.639010 0.532900 0.623250 0.613790 0.613790 0.613790 0.613790 0.613790
RaTG13 0.344210 0.344210 0.244310 0.244310 0.244310 0.244310 0.289000 0.289000 0.000000 0.487978 0.462586 0.587580 0.587580 0.587580 1.889972 1.889972 1.889972 1.889972 1.874095 1.874095 1.717365 1.783872 1.668090 1.665798 1.725712 2.095900 1.650814 1.649639 3.029322 1.596315 1.752564 1.654205 0.599900 0.599900 0.550010 0.550010 0.443900 0.534250 0.524790 0.524790 0.524790 0.524790 0.524790
BM48_31_BGR_2008 0.432188 0.432188 0.532288 0.532288 0.532288 0.532288 0.576978 0.576978 0.487978 0.000000 0.083964 0.275758 0.275758 0.275758 1.578150 1.578150 1.578150 1.578150 1.562273 1.562273 1.405543 1.472050 1.356268 1.353976 1.413890 1.784078 1.338992 1.337817 2.717500 1.284493 1.440742 1.342383 0.288078 0.288078 0.238188 0.238188 0.132078 0.222428 0.341488 0.341488 0.341488 0.341488 0.341488
BtKY72 0.406796 0.406796 0.506896 0.506896 0.506896 0.506896 0.551586 0.551586 0.462586 0.083964 0.000000 0.250366 0.250366 0.250366 1.552758 1.552758 1.552758 1.552758 1.536881 1.536881 1.380151 1.446658 1.330876 1.328584 1.388498 1.758686 1.313600 1.312425 2.692108 1.259101 1.415350 1.316991 0.262686 0.262686 0.212796 0.212796 0.106686 0.197036 0.316096 0.316096 0.316096 0.316096 0.316096
SARS 0.531790 0.531790 0.631890 0.631890 0.631890 0.631890 0.676580 0.676580 0.587580 0.275758 0.250366 0.000000 0.200000 0.200000 1.677752 1.677752 1.677752 1.677752 1.661875 1.661875 1.505145 1.571652 1.455870 1.453578 1.513492 1.883680 1.438594 1.437419 2.817102 1.384095 1.540344 1.441985 0.387680 0.387680 0.337790 0.337790 0.231680 0.322030 0.441090 0.441090 0.441090 0.441090 0.441090
Tor2 0.531790 0.531790 0.631890 0.631890 0.631890 0.631890 0.676580 0.676580 0.587580 0.275758 0.250366 0.200000 0.000000 0.200000 1.677752 1.677752 1.677752 1.677752 1.661875 1.661875 1.505145 1.571652 1.455870 1.453578 1.513492 1.883680 1.438594 1.437419 2.817102 1.384095 1.540344 1.441985 0.387680 0.387680 0.337790 0.337790 0.231680 0.322030 0.441090 0.441090 0.441090 0.441090 0.441090
SARS-CoV_BJ182-4 0.531790 0.531790 0.631890 0.631890 0.631890 0.631890 0.676580 0.676580 0.587580 0.275758 0.250366 0.200000 0.200000 0.000000 1.677752 1.677752 1.677752 1.677752 1.661875 1.661875 1.505145 1.571652 1.455870 1.453578 1.513492 1.883680 1.438594 1.437419 2.817102 1.384095 1.540344 1.441985 0.387680 0.387680 0.337790 0.337790 0.231680 0.322030 0.441090 0.441090 0.441090 0.441090 0.441090
Bovine_CoV 1.834182 1.834182 1.934282 1.934282 1.934282 1.934282 1.978972 1.978972 1.889972 1.578150 1.552758 1.677752 1.677752 1.677752 0.000000 0.200000 0.200000 0.200000 0.512643 0.512643 0.355913 0.422420 0.306638 0.304346 0.364260 0.734448 0.289362 0.288187 1.667870 1.570715 1.726964 1.628605 1.690072 1.690072 1.640182 1.640182 1.534072 1.624422 1.743482 1.743482 1.743482 1.743482 1.743482
Bovine_OH440 1.834182 1.834182 1.934282 1.934282 1.934282 1.934282 1.978972 1.978972 1.889972 1.578150 1.552758 1.677752 1.677752 1.677752 0.200000 0.000000 0.200000 0.200000 0.512643 0.512643 0.355913 0.422420 0.306638 0.304346 0.364260 0.734448 0.289362 0.288187 1.667870 1.570715 1.726964 1.628605 1.690072 1.690072 1.640182 1.640182 1.534072 1.624422 1.743482 1.743482 1.743482 1.743482 1.743482
Human_ent_4408 1.834182 1.834182 1.934282 1.934282 1.934282 1.934282 1.978972 1.978972 1.889972 1.578150 1.552758 1.677752 1.677752 1.677752 0.200000 0.200000 0.000000 0.200000 0.512643 0.512643 0.355913 0.422420 0.306638 0.304346 0.364260 0.734448 0.289362 0.288187 1.667870 1.570715 1.726964 1.628605 1.690072 1.690072 1.640182 1.640182 1.534072 1.624422 1.743482 1.743482 1.743482 1.743482 1.743482
Bovine_AH187 1.834182 1.834182 1.934282 1.934282 1.934282 1.934282 1.978972 1.978972 1.889972 1.578150 1.552758 1.677752 1.677752 1.677752 0.200000 0.200000 0.200000 0.000000 0.512643 0.512643 0.355913 0.422420 0.306638 0.304346 0.364260 0.734448 0.289362 0.288187 1.667870 1.570715 1.726964 1.628605 1.690072 1.690072 1.640182 1.640182 1.534072 1.624422 1.743482 1.743482 1.743482 1.743482 1.743482
Murine_RA59/R13 1.818305 1.818305 1.918405 1.918405 1.918405 1.918405 1.963095 1.963095 1.874095 1.562273 1.536881 1.661875 1.661875 1.661875 0.512643 0.512643 0.512643 0.512643 0.000000 0.200000 0.243270 0.406543 0.290761 0.288469 0.348383 0.718571 0.273485 0.272310 1.651993 1.554838 1.711087 1.612728 1.674195 1.674195 1.624305 1.624305 1.518195 1.608545 1.727605 1.727605 1.727605 1.727605 1.727605
Murine_virus 1.818305 1.818305 1.918405 1.918405 1.918405 1.918405 1.963095 1.963095 1.874095 1.562273 1.536881 1.661875 1.661875 1.661875 0.512643 0.512643 0.512643 0.512643 0.200000 0.000000 0.243270 0.406543 0.290761 0.288469 0.348383 0.718571 0.273485 0.272310 1.651993 1.554838 1.711087 1.612728 1.674195 1.674195 1.624305 1.624305 1.518195 1.608545 1.727605 1.727605 1.727605 1.727605 1.727605
Murine_A59 1.661575 1.661575 1.761675 1.761675 1.761675 1.761675 1.806365 1.806365 1.717365 1.405543 1.380151 1.505145 1.505145 1.505145 0.355913 0.355913 0.355913 0.355913 0.243270 0.243270 0.000000 0.249813 0.134031 0.131739 0.191653 0.561841 0.116755 0.115580 1.495263 1.398108 1.554357 1.455998 1.517465 1.517465 1.467575 1.467575 1.361465 1.451815 1.570875 1.570875 1.570875 1.570875 1.570875
Rabbit_HKU14 1.728082 1.728082 1.828182 1.828182 1.828182 1.828182 1.872872 1.872872 1.783872 1.472050 1.446658 1.571652 1.571652 1.571652 0.422420 0.422420 0.422420 0.422420 0.406543 0.406543 0.249813 0.000000 0.200538 0.198246 0.258160 0.628348 0.183262 0.182087 1.561770 1.464615 1.620864 1.522505 1.583972 1.583972 1.534082 1.534082 1.427972 1.518322 1.637382 1.637382 1.637382 1.637382 1.637382
Porcine_v 1.612300 1.612300 1.712400 1.712400 1.712400 1.712400 1.757090 1.757090 1.668090 1.356268 1.330876 1.455870 1.455870 1.455870 0.306638 0.306638 0.306638 0.306638 0.290761 0.290761 0.134031 0.200538 0.000000 0.082464 0.142378 0.512566 0.067480 0.066305 1.445988 1.348833 1.505082 1.406723 1.468190 1.468190 1.418300 1.418300 1.312190 1.402540 1.521600 1.521600 1.521600 1.521600 1.521600
Equine_NC99 1.610008 1.610008 1.710108 1.710108 1.710108 1.710108 1.754798 1.754798 1.665798 1.353976 1.328584 1.453578 1.453578 1.453578 0.304346 0.304346 0.304346 0.304346 0.288469 0.288469 0.131739 0.198246 0.082464 0.000000 0.140086 0.510274 0.065188 0.064013 1.443696 1.346541 1.502790 1.404431 1.465898 1.465898 1.416008 1.416008 1.309898 1.400248 1.519308 1.519308 1.519308 1.519308 1.519308
Human_OC43 1.669922 1.669922 1.770022 1.770022 1.770022 1.770022 1.814712 1.814712 1.725712 1.413890 1.388498 1.513492 1.513492 1.513492 0.364260 0.364260 0.364260 0.364260 0.348383 0.348383 0.191653 0.258160 0.142378 0.140086 0.000000 0.570188 0.125102 0.123927 1.503610 1.406455 1.562704 1.464345 1.525812 1.525812 1.475922 1.475922 1.369812 1.460162 1.579222 1.579222 1.579222 1.579222 1.579222
HKU1 2.040110 2.040110 2.140210 2.140210 2.140210 2.140210 2.184900 2.184900 2.095900 1.784078 1.758686 1.883680 1.883680 1.883680 0.734448 0.734448 0.734448 0.734448 0.718571 0.718571 0.561841 0.628348 0.512566 0.510274 0.570188 0.000000 0.495290 0.494115 1.873798 1.776643 1.932892 1.834533 1.896000 1.896000 1.846110 1.846110 1.740000 1.830350 1.949410 1.949410 1.949410 1.949410 1.949410
Murine_JHM 1.595024 1.595024 1.695124 1.695124 1.695124 1.695124 1.739814 1.739814 1.650814 1.338992 1.313600 1.438594 1.438594 1.438594 0.289362 0.289362 0.289362 0.289362 0.273485 0.273485 0.116755 0.183262 0.067480 0.065188 0.125102 0.495290 0.000000 0.049029 1.428712 1.331557 1.487806 1.389447 1.450914 1.450914 1.401024 1.401024 1.294914 1.385264 1.504324 1.504324 1.504324 1.504324 1.504324
Rat_Parker 1.593849 1.593849 1.693949 1.693949 1.693949 1.693949 1.738639 1.738639 1.649639 1.337817 1.312425 1.437419 1.437419 1.437419 0.288187 0.288187 0.288187 0.288187 0.272310 0.272310 0.115580 0.182087 0.066305 0.064013 0.123927 0.494115 0.049029 0.000000 1.427537 1.330382 1.486631 1.388272 1.449739 1.449739 1.399849 1.399849 1.293739 1.384089 1.503149 1.503149 1.503149 1.503149 1.503149
Feline_per 2.973532 2.973532 3.073632 3.073632 3.073632 3.073632 3.118322 3.118322 3.029322 2.717500 2.692108 2.817102 2.817102 2.817102 1.667870 1.667870 1.667870 1.667870 1.651993 1.651993 1.495263 1.561770 1.445988 1.443696 1.503610 1.873798 1.428712 1.427537 0.000000 2.710065 2.866314 2.767955 2.829422 2.829422 2.779532 2.779532 2.673422 2.763772 2.882832 2.882832 2.882832 2.882832 2.882832
Bat_HKU5-1 1.540525 1.540525 1.640625 1.640625 1.640625 1.640625 1.685315 1.685315 1.596315 1.284493 1.259101 1.384095 1.384095 1.384095 1.570715 1.570715 1.570715 1.570715 1.554838 1.554838 1.398108 1.464615 1.348833 1.346541 1.406455 1.776643 1.331557 1.330382 2.710065 0.000000 0.309829 0.211470 1.396415 1.396415 1.346525 1.346525 1.240415 1.330765 1.449825 1.449825 1.449825 1.449825 1.449825
MERS-CoV_S 1.696774 1.696774 1.796874 1.796874 1.796874 1.796874 1.841564 1.841564 1.752564 1.440742 1.415350 1.540344 1.540344 1.540344 1.726964 1.726964 1.726964 1.726964 1.711087 1.711087 1.554357 1.620864 1.505082 1.502790 1.562704 1.932892 1.487806 1.486631 2.866314 0.309829 0.000000 0.367719 1.552664 1.552664 1.502774 1.502774 1.396664 1.487014 1.606074 1.606074 1.606074 1.606074 1.606074
Bat_HKU4-1 1.598415 1.598415 1.698515 1.698515 1.698515 1.698515 1.743205 1.743205 1.654205 1.342383 1.316991 1.441985 1.441985 1.441985 1.628605 1.628605 1.628605 1.628605 1.612728 1.612728 1.455998 1.522505 1.406723 1.404431 1.464345 1.834533 1.389447 1.388272 2.767955 0.211470 0.367719 0.000000 1.454305 1.454305 1.404415 1.404415 1.298305 1.388655 1.507715 1.507715 1.507715 1.507715 1.507715
BtCoV_273_2005 0.544110 0.544110 0.644210 0.644210 0.644210 0.644210 0.688900 0.688900 0.599900 0.288078 0.262686 0.387680 0.387680 0.387680 1.690072 1.690072 1.690072 1.690072 1.674195 1.674195 1.517465 1.583972 1.468190 1.465898 1.525812 1.896000 1.450914 1.449739 2.829422 1.396415 1.552664 1.454305 0.000000 0.200000 0.350110 0.350110 0.244000 0.334350 0.453410 0.453410 0.453410 0.453410 0.453410
Rf1 0.544110 0.544110 0.644210 0.644210 0.644210 0.644210 0.688900 0.688900 0.599900 0.288078 0.262686 0.387680 0.387680 0.387680 1.690072 1.690072 1.690072 1.690072 1.674195 1.674195 1.517465 1.583972 1.468190 1.465898 1.525812 1.896000 1.450914 1.449739 2.829422 1.396415 1.552664 1.454305 0.200000 0.000000 0.350110 0.350110 0.244000 0.334350 0.453410 0.453410 0.453410 0.453410 0.453410
HKU3-12 0.494220 0.494220 0.594320 0.594320 0.594320 0.594320 0.639010 0.639010 0.550010 0.238188 0.212796 0.337790 0.337790 0.337790 1.640182 1.640182 1.640182 1.640182 1.624305 1.624305 1.467575 1.534082 1.418300 1.416008 1.475922 1.846110 1.401024 1.399849 2.779532 1.346525 1.502774 1.404415 0.350110 0.350110 0.000000 0.200000 0.194110 0.284460 0.403520 0.403520 0.403520 0.403520 0.403520
HKU3-6 0.494220 0.494220 0.594320 0.594320 0.594320 0.594320 0.639010 0.639010 0.550010 0.238188 0.212796 0.337790 0.337790 0.337790 1.640182 1.640182 1.640182 1.640182 1.624305 1.624305 1.467575 1.534082 1.418300 1.416008 1.475922 1.846110 1.401024 1.399849 2.779532 1.346525 1.502774 1.404415 0.350110 0.350110 0.200000 0.000000 0.194110 0.284460 0.403520 0.403520 0.403520 0.403520 0.403520
Rs3367 0.388110 0.388110 0.488210 0.488210 0.488210 0.488210 0.532900 0.532900 0.443900 0.132078 0.106686 0.231680 0.231680 0.231680 1.534072 1.534072 1.534072 1.534072 1.518195 1.518195 1.361465 1.427972 1.312190 1.309898 1.369812 1.740000 1.294914 1.293739 2.673422 1.240415 1.396664 1.298305 0.244000 0.244000 0.194110 0.194110 0.000000 0.178350 0.297410 0.297410 0.297410 0.297410 0.297410
BtCoV_279_2005 0.478460 0.478460 0.578560 0.578560 0.578560 0.578560 0.623250 0.623250 0.534250 0.222428 0.197036 0.322030 0.322030 0.322030 1.624422 1.624422 1.624422 1.624422 1.608545 1.608545 1.451815 1.518322 1.402540 1.400248 1.460162 1.830350 1.385264 1.384089 2.763772 1.330765 1.487014 1.388655 0.334350 0.334350 0.284460 0.284460 0.178350 0.000000 0.387760 0.387760 0.387760 0.387760 0.387760
Guangxi_Pangolin_P2V 0.469000 0.469000 0.569100 0.569100 0.569100 0.569100 0.613790 0.613790 0.524790 0.341488 0.316096 0.441090 0.441090 0.441090 1.743482 1.743482 1.743482 1.743482 1.727605 1.727605 1.570875 1.637382 1.521600 1.519308 1.579222 1.949410 1.504324 1.503149 2.882832 1.449825 1.606074 1.507715 0.453410 0.453410 0.403520 0.403520 0.297410 0.387760 0.000000 0.200000 0.200000 0.200000 0.200000
Guangxi_Pangolin_P1E 0.469000 0.469000 0.569100 0.569100 0.569100 0.569100 0.613790 0.613790 0.524790 0.341488 0.316096 0.441090 0.441090 0.441090 1.743482 1.743482 1.743482 1.743482 1.727605 1.727605 1.570875 1.637382 1.521600 1.519308 1.579222 1.949410 1.504324 1.503149 2.882832 1.449825 1.606074 1.507715 0.453410 0.453410 0.403520 0.403520 0.297410 0.387760 0.200000 0.000000 0.200000 0.200000 0.200000
Guangxi_Pangolin_P4L 0.469000 0.469000 0.569100 0.569100 0.569100 0.569100 0.613790 0.613790 0.524790 0.341488 0.316096 0.441090 0.441090 0.441090 1.743482 1.743482 1.743482 1.743482 1.727605 1.727605 1.570875 1.637382 1.521600 1.519308 1.579222 1.949410 1.504324 1.503149 2.882832 1.449825 1.606074 1.507715 0.453410 0.453410 0.403520 0.403520 0.297410 0.387760 0.200000 0.200000 0.000000 0.200000 0.200000
Guangxi_Pangolin_P5L 0.469000 0.469000 0.569100 0.569100 0.569100 0.569100 0.613790 0.613790 0.524790 0.341488 0.316096 0.441090 0.441090 0.441090 1.743482 1.743482 1.743482 1.743482 1.727605 1.727605 1.570875 1.637382 1.521600 1.519308 1.579222 1.949410 1.504324 1.503149 2.882832 1.449825 1.606074 1.507715 0.453410 0.453410 0.403520 0.403520 0.297410 0.387760 0.200000 0.200000 0.200000 0.000000 0.200000
Guangxi_Pangolin_P5E 0.469000 0.469000 0.569100 0.569100 0.569100 0.569100 0.613790 0.613790 0.524790 0.341488 0.316096 0.441090 0.441090 0.441090 1.743482 1.743482 1.743482 1.743482 1.727605 1.727605 1.570875 1.637382 1.521600 1.519308 1.579222 1.949410 1.504324 1.503149 2.882832 1.449825 1.606074 1.507715 0.453410 0.453410 0.403520 0.403520 0.297410 0.387760 0.200000 0.200000 0.200000 0.200000 0.000000
43
Guangdong_Pangolin_P2S_2019 0.000000 0.200000 0.388520 0.388520 0.388520 0.388520 0.433210 0.433210 0.344210 0.432188 0.406796 0.531790 0.531790 0.531790 1.834182 1.834182 1.834182 1.834182 1.818305 1.818305 1.661575 1.728082 1.612300 1.610008 1.669922 2.040110 1.595024 1.593849 2.973532 1.540525 1.696774 1.598415 0.544110 0.544110 0.494220 0.494220 0.388110 0.478460 0.469000 0.469000 0.469000 0.469000 0.469000
Guangdong_Pangolin_1_2019 0.200000 0.000000 0.388520 0.388520 0.388520 0.388520 0.433210 0.433210 0.344210 0.432188 0.406796 0.531790 0.531790 0.531790 1.834182 1.834182 1.834182 1.834182 1.818305 1.818305 1.661575 1.728082 1.612300 1.610008 1.669922 2.040110 1.595024 1.593849 2.973532 1.540525 1.696774 1.598415 0.544110 0.544110 0.494220 0.494220 0.388110 0.478460 0.469000 0.469000 0.469000 0.469000 0.469000
Hu_Australia_VIC231_2020 0.388520 0.388520 0.000000 0.200000 0.200000 0.200000 0.333310 0.333310 0.244310 0.532288 0.506896 0.631890 0.631890 0.631890 1.934282 1.934282 1.934282 1.934282 1.918405 1.918405 1.761675 1.828182 1.712400 1.710108 1.770022 2.140210 1.695124 1.693949 3.073632 1.640625 1.796874 1.698515 0.644210 0.644210 0.594320 0.594320 0.488210 0.578560 0.569100 0.569100 0.569100 0.569100 0.569100
Hu_Wuhan_2020 0.388520 0.388520 0.200000 0.000000 0.200000 0.200000 0.333310 0.333310 0.244310 0.532288 0.506896 0.631890 0.631890 0.631890 1.934282 1.934282 1.934282 1.934282 1.918405 1.918405 1.761675 1.828182 1.712400 1.710108 1.770022 2.140210 1.695124 1.693949 3.073632 1.640625 1.796874 1.698515 0.644210 0.644210 0.594320 0.594320 0.488210 0.578560 0.569100 0.569100 0.569100 0.569100 0.569100
Hu_USA_UT_00346_2020 0.388520 0.388520 0.200000 0.200000 0.000000 0.200000 0.333310 0.333310 0.244310 0.532288 0.506896 0.631890 0.631890 0.631890 1.934282 1.934282 1.934282 1.934282 1.918405 1.918405 1.761675 1.828182 1.712400 1.710108 1.770022 2.140210 1.695124 1.693949 3.073632 1.640625 1.796874 1.698515 0.644210 0.644210 0.594320 0.594320 0.488210 0.578560 0.569100 0.569100 0.569100 0.569100 0.569100
Hu_Italy_TE4836_2020 0.388520 0.388520 0.200000 0.200000 0.200000 0.000000 0.333310 0.333310 0.244310 0.532288 0.506896 0.631890 0.631890 0.631890 1.934282 1.934282 1.934282 1.934282 1.918405 1.918405 1.761675 1.828182 1.712400 1.710108 1.770022 2.140210 1.695124 1.693949 3.073632 1.640625 1.796874 1.698515 0.644210 0.644210 0.594320 0.594320 0.488210 0.578560 0.569100 0.569100 0.569100 0.569100 0.569100
Bat_CoVZXC21 0.433210 0.433210 0.333310 0.333310 0.333310 0.333310 0.000000 0.200000 0.289000 0.576978 0.551586 0.676580 0.676580 0.676580 1.978972 1.978972 1.978972 1.978972 1.963095 1.963095 1.806365 1.872872 1.757090 1.754798 1.814712 2.184900 1.739814 1.738639 3.118322 1.685315 1.841564 1.743205 0.688900 0.688900 0.639010 0.639010 0.532900 0.623250 0.613790 0.613790 0.613790 0.613790 0.613790
Bat_CoVZC45 0.433210 0.433210 0.333310 0.333310 0.333310 0.333310 0.200000 0.000000 0.289000 0.576978 0.551586 0.676580 0.676580 0.676580 1.978972 1.978972 1.978972 1.978972 1.963095 1.963095 1.806365 1.872872 1.757090 1.754798 1.814712 2.184900 1.739814 1.738639 3.118322 1.685315 1.841564 1.743205 0.688900 0.688900 0.639010 0.639010 0.532900 0.623250 0.613790 0.613790 0.613790 0.613790 0.613790
RaTG13 0.344210 0.344210 0.244310 0.244310 0.244310 0.244310 0.289000 0.289000 0.000000 0.487978 0.462586 0.587580 0.587580 0.587580 1.889972 1.889972 1.889972 1.889972 1.874095 1.874095 1.717365 1.783872 1.668090 1.665798 1.725712 2.095900 1.650814 1.649639 3.029322 1.596315 1.752564 1.654205 0.599900 0.599900 0.550010 0.550010 0.443900 0.534250 0.524790 0.524790 0.524790 0.524790 0.524790
BM48_31_BGR_2008 0.432188 0.432188 0.532288 0.532288 0.532288 0.532288 0.576978 0.576978 0.487978 0.000000 0.083964 0.275758 0.275758 0.275758 1.578150 1.578150 1.578150 1.578150 1.562273 1.562273 1.405543 1.472050 1.356268 1.353976 1.413890 1.784078 1.338992 1.337817 2.717500 1.284493 1.440742 1.342383 0.288078 0.288078 0.238188 0.238188 0.132078 0.222428 0.341488 0.341488 0.341488 0.341488 0.341488
BtKY72 0.406796 0.406796 0.506896 0.506896 0.506896 0.506896 0.551586 0.551586 0.462586 0.083964 0.000000 0.250366 0.250366 0.250366 1.552758 1.552758 1.552758 1.552758 1.536881 1.536881 1.380151 1.446658 1.330876 1.328584 1.388498 1.758686 1.313600 1.312425 2.692108 1.259101 1.415350 1.316991 0.262686 0.262686 0.212796 0.212796 0.106686 0.197036 0.316096 0.316096 0.316096 0.316096 0.316096
SARS 0.531790 0.531790 0.631890 0.631890 0.631890 0.631890 0.676580 0.676580 0.587580 0.275758 0.250366 0.000000 0.200000 0.200000 1.677752 1.677752 1.677752 1.677752 1.661875 1.661875 1.505145 1.571652 1.455870 1.453578 1.513492 1.883680 1.438594 1.437419 2.817102 1.384095 1.540344 1.441985 0.387680 0.387680 0.337790 0.337790 0.231680 0.322030 0.441090 0.441090 0.441090 0.441090 0.441090
Tor2 0.531790 0.531790 0.631890 0.631890 0.631890 0.631890 0.676580 0.676580 0.587580 0.275758 0.250366 0.200000 0.000000 0.200000 1.677752 1.677752 1.677752 1.677752 1.661875 1.661875 1.505145 1.571652 1.455870 1.453578 1.513492 1.883680 1.438594 1.437419 2.817102 1.384095 1.540344 1.441985 0.387680 0.387680 0.337790 0.337790 0.231680 0.322030 0.441090 0.441090 0.441090 0.441090 0.441090
SARS-CoV_BJ182-4 0.531790 0.531790 0.631890 0.631890 0.631890 0.631890 0.676580 0.676580 0.587580 0.275758 0.250366 0.200000 0.200000 0.000000 1.677752 1.677752 1.677752 1.677752 1.661875 1.661875 1.505145 1.571652 1.455870 1.453578 1.513492 1.883680 1.438594 1.437419 2.817102 1.384095 1.540344 1.441985 0.387680 0.387680 0.337790 0.337790 0.231680 0.322030 0.441090 0.441090 0.441090 0.441090 0.441090
Bovine_CoV 1.834182 1.834182 1.934282 1.934282 1.934282 1.934282 1.978972 1.978972 1.889972 1.578150 1.552758 1.677752 1.677752 1.677752 0.000000 0.200000 0.200000 0.200000 0.512643 0.512643 0.355913 0.422420 0.306638 0.304346 0.364260 0.734448 0.289362 0.288187 1.667870 1.570715 1.726964 1.628605 1.690072 1.690072 1.640182 1.640182 1.534072 1.624422 1.743482 1.743482 1.743482 1.743482 1.743482
Bovine_OH440 1.834182 1.834182 1.934282 1.934282 1.934282 1.934282 1.978972 1.978972 1.889972 1.578150 1.552758 1.677752 1.677752 1.677752 0.200000 0.000000 0.200000 0.200000 0.512643 0.512643 0.355913 0.422420 0.306638 0.304346 0.364260 0.734448 0.289362 0.288187 1.667870 1.570715 1.726964 1.628605 1.690072 1.690072 1.640182 1.640182 1.534072 1.624422 1.743482 1.743482 1.743482 1.743482 1.743482
Human_ent_4408 1.834182 1.834182 1.934282 1.934282 1.934282 1.934282 1.978972 1.978972 1.889972 1.578150 1.552758 1.677752 1.677752 1.677752 0.200000 0.200000 0.000000 0.200000 0.512643 0.512643 0.355913 0.422420 0.306638 0.304346 0.364260 0.734448 0.289362 0.288187 1.667870 1.570715 1.726964 1.628605 1.690072 1.690072 1.640182 1.640182 1.534072 1.624422 1.743482 1.743482 1.743482 1.743482 1.743482
Bovine_AH187 1.834182 1.834182 1.934282 1.934282 1.934282 1.934282 1.978972 1.978972 1.889972 1.578150 1.552758 1.677752 1.677752 1.677752 0.200000 0.200000 0.200000 0.000000 0.512643 0.512643 0.355913 0.422420 0.306638 0.304346 0.364260 0.734448 0.289362 0.288187 1.667870 1.570715 1.726964 1.628605 1.690072 1.690072 1.640182 1.640182 1.534072 1.624422 1.743482 1.743482 1.743482 1.743482 1.743482
Murine_RA59/R13 1.818305 1.818305 1.918405 1.918405 1.918405 1.918405 1.963095 1.963095 1.874095 1.562273 1.536881 1.661875 1.661875 1.661875 0.512643 0.512643 0.512643 0.512643 0.000000 0.200000 0.243270 0.406543 0.290761 0.288469 0.348383 0.718571 0.273485 0.272310 1.651993 1.554838 1.711087 1.612728 1.674195 1.674195 1.624305 1.624305 1.518195 1.608545 1.727605 1.727605 1.727605 1.727605 1.727605
Murine_virus 1.818305 1.818305 1.918405 1.918405 1.918405 1.918405 1.963095 1.963095 1.874095 1.562273 1.536881 1.661875 1.661875 1.661875 0.512643 0.512643 0.512643 0.512643 0.200000 0.000000 0.243270 0.406543 0.290761 0.288469 0.348383 0.718571 0.273485 0.272310 1.651993 1.554838 1.711087 1.612728 1.674195 1.674195 1.624305 1.624305 1.518195 1.608545 1.727605 1.727605 1.727605 1.727605 1.727605
Murine_A59 1.661575 1.661575 1.761675 1.761675 1.761675 1.761675 1.806365 1.806365 1.717365 1.405543 1.380151 1.505145 1.505145 1.505145 0.355913 0.355913 0.355913 0.355913 0.243270 0.243270 0.000000 0.249813 0.134031 0.131739 0.191653 0.561841 0.116755 0.115580 1.495263 1.398108 1.554357 1.455998 1.517465 1.517465 1.467575 1.467575 1.361465 1.451815 1.570875 1.570875 1.570875 1.570875 1.570875
Rabbit_HKU14 1.728082 1.728082 1.828182 1.828182 1.828182 1.828182 1.872872 1.872872 1.783872 1.472050 1.446658 1.571652 1.571652 1.571652 0.422420 0.422420 0.422420 0.422420 0.406543 0.406543 0.249813 0.000000 0.200538 0.198246 0.258160 0.628348 0.183262 0.182087 1.561770 1.464615 1.620864 1.522505 1.583972 1.583972 1.534082 1.534082 1.427972 1.518322 1.637382 1.637382 1.637382 1.637382 1.637382
Porcine_v 1.612300 1.612300 1.712400 1.712400 1.712400 1.712400 1.757090 1.757090 1.668090 1.356268 1.330876 1.455870 1.455870 1.455870 0.306638 0.306638 0.306638 0.306638 0.290761 0.290761 0.134031 0.200538 0.000000 0.082464 0.142378 0.512566 0.067480 0.066305 1.445988 1.348833 1.505082 1.406723 1.468190 1.468190 1.418300 1.418300 1.312190 1.402540 1.521600 1.521600 1.521600 1.521600 1.521600
Equine_NC99 1.610008 1.610008 1.710108 1.710108 1.710108 1.710108 1.754798 1.754798 1.665798 1.353976 1.328584 1.453578 1.453578 1.453578 0.304346 0.304346 0.304346 0.304346 0.288469 0.288469 0.131739 0.198246 0.082464 0.000000 0.140086 0.510274 0.065188 0.064013 1.443696 1.346541 1.502790 1.404431 1.465898 1.465898 1.416008 1.416008 1.309898 1.400248 1.519308 1.519308 1.519308 1.519308 1.519308
Human_OC43 1.669922 1.669922 1.770022 1.770022 1.770022 1.770022 1.814712 1.814712 1.725712 1.413890 1.388498 1.513492 1.513492 1.513492 0.364260 0.364260 0.364260 0.364260 0.348383 0.348383 0.191653 0.258160 0.142378 0.140086 0.000000 0.570188 0.125102 0.123927 1.503610 1.406455 1.562704 1.464345 1.525812 1.525812 1.475922 1.475922 1.369812 1.460162 1.579222 1.579222 1.579222 1.579222 1.579222
HKU1 2.040110 2.040110 2.140210 2.140210 2.140210 2.140210 2.184900 2.184900 2.095900 1.784078 1.758686 1.883680 1.883680 1.883680 0.734448 0.734448 0.734448 0.734448 0.718571 0.718571 0.561841 0.628348 0.512566 0.510274 0.570188 0.000000 0.495290 0.494115 1.873798 1.776643 1.932892 1.834533 1.896000 1.896000 1.846110 1.846110 1.740000 1.830350 1.949410 1.949410 1.949410 1.949410 1.949410
Murine_JHM 1.595024 1.595024 1.695124 1.695124 1.695124 1.695124 1.739814 1.739814 1.650814 1.338992 1.313600 1.438594 1.438594 1.438594 0.289362 0.289362 0.289362 0.289362 0.273485 0.273485 0.116755 0.183262 0.067480 0.065188 0.125102 0.495290 0.000000 0.049029 1.428712 1.331557 1.487806 1.389447 1.450914 1.450914 1.401024 1.401024 1.294914 1.385264 1.504324 1.504324 1.504324 1.504324 1.504324
Rat_Parker 1.593849 1.593849 1.693949 1.693949 1.693949 1.693949 1.738639 1.738639 1.649639 1.337817 1.312425 1.437419 1.437419 1.437419 0.288187 0.288187 0.288187 0.288187 0.272310 0.272310 0.115580 0.182087 0.066305 0.064013 0.123927 0.494115 0.049029 0.000000 1.427537 1.330382 1.486631 1.388272 1.449739 1.449739 1.399849 1.399849 1.293739 1.384089 1.503149 1.503149 1.503149 1.503149 1.503149
Feline_per 2.973532 2.973532 3.073632 3.073632 3.073632 3.073632 3.118322 3.118322 3.029322 2.717500 2.692108 2.817102 2.817102 2.817102 1.667870 1.667870 1.667870 1.667870 1.651993 1.651993 1.495263 1.561770 1.445988 1.443696 1.503610 1.873798 1.428712 1.427537 0.000000 2.710065 2.866314 2.767955 2.829422 2.829422 2.779532 2.779532 2.673422 2.763772 2.882832 2.882832 2.882832 2.882832 2.882832
Bat_HKU5-1 1.540525 1.540525 1.640625 1.640625 1.640625 1.640625 1.685315 1.685315 1.596315 1.284493 1.259101 1.384095 1.384095 1.384095 1.570715 1.570715 1.570715 1.570715 1.554838 1.554838 1.398108 1.464615 1.348833 1.346541 1.406455 1.776643 1.331557 1.330382 2.710065 0.000000 0.309829 0.211470 1.396415 1.396415 1.346525 1.346525 1.240415 1.330765 1.449825 1.449825 1.449825 1.449825 1.449825
MERS-CoV_S 1.696774 1.696774 1.796874 1.796874 1.796874 1.796874 1.841564 1.841564 1.752564 1.440742 1.415350 1.540344 1.540344 1.540344 1.726964 1.726964 1.726964 1.726964 1.711087 1.711087 1.554357 1.620864 1.505082 1.502790 1.562704 1.932892 1.487806 1.486631 2.866314 0.309829 0.000000 0.367719 1.552664 1.552664 1.502774 1.502774 1.396664 1.487014 1.606074 1.606074 1.606074 1.606074 1.606074
Bat_HKU4-1 1.598415 1.598415 1.698515 1.698515 1.698515 1.698515 1.743205 1.743205 1.654205 1.342383 1.316991 1.441985 1.441985 1.441985 1.628605 1.628605 1.628605 1.628605 1.612728 1.612728 1.455998 1.522505 1.406723 1.404431 1.464345 1.834533 1.389447 1.388272 2.767955 0.211470 0.367719 0.000000 1.454305 1.454305 1.404415 1.404415 1.298305 1.388655 1.507715 1.507715 1.507715 1.507715 1.507715
BtCoV_273_2005 0.544110 0.544110 0.644210 0.644210 0.644210 0.644210 0.688900 0.688900 0.599900 0.288078 0.262686 0.387680 0.387680 0.387680 1.690072 1.690072 1.690072 1.690072 1.674195 1.674195 1.517465 1.583972 1.468190 1.465898 1.525812 1.896000 1.450914 1.449739 2.829422 1.396415 1.552664 1.454305 0.000000 0.200000 0.350110 0.350110 0.244000 0.334350 0.453410 0.453410 0.453410 0.453410 0.453410
Rf1 0.544110 0.544110 0.644210 0.644210 0.644210 0.644210 0.688900 0.688900 0.599900 0.288078 0.262686 0.387680 0.387680 0.387680 1.690072 1.690072 1.690072 1.690072 1.674195 1.674195 1.517465 1.583972 1.468190 1.465898 1.525812 1.896000 1.450914 1.449739 2.829422 1.396415 1.552664 1.454305 0.200000 0.000000 0.350110 0.350110 0.244000 0.334350 0.453410 0.453410 0.453410 0.453410 0.453410
HKU3-12 0.494220 0.494220 0.594320 0.594320 0.594320 0.594320 0.639010 0.639010 0.550010 0.238188 0.212796 0.337790 0.337790 0.337790 1.640182 1.640182 1.640182 1.640182 1.624305 1.624305 1.467575 1.534082 1.418300 1.416008 1.475922 1.846110 1.401024 1.399849 2.779532 1.346525 1.502774 1.404415 0.350110 0.350110 0.000000 0.200000 0.194110 0.284460 0.403520 0.403520 0.403520 0.403520 0.403520
HKU3-6 0.494220 0.494220 0.594320 0.594320 0.594320 0.594320 0.639010 0.639010 0.550010 0.238188 0.212796 0.337790 0.337790 0.337790 1.640182 1.640182 1.640182 1.640182 1.624305 1.624305 1.467575 1.534082 1.418300 1.416008 1.475922 1.846110 1.401024 1.399849 2.779532 1.346525 1.502774 1.404415 0.350110 0.350110 0.200000 0.000000 0.194110 0.284460 0.403520 0.403520 0.403520 0.403520 0.403520
Rs3367 0.388110 0.388110 0.488210 0.488210 0.488210 0.488210 0.532900 0.532900 0.443900 0.132078 0.106686 0.231680 0.231680 0.231680 1.534072 1.534072 1.534072 1.534072 1.518195 1.518195 1.361465 1.427972 1.312190 1.309898 1.369812 1.740000 1.294914 1.293739 2.673422 1.240415 1.396664 1.298305 0.244000 0.244000 0.194110 0.194110 0.000000 0.178350 0.297410 0.297410 0.297410 0.297410 0.297410
BtCoV_279_2005 0.478460 0.478460 0.578560 0.578560 0.578560 0.578560 0.623250 0.623250 0.534250 0.222428 0.197036 0.322030 0.322030 0.322030 1.624422 1.624422 1.624422 1.624422 1.608545 1.608545 1.451815 1.518322 1.402540 1.400248 1.460162 1.830350 1.385264 1.384089 2.763772 1.330765 1.487014 1.388655 0.334350 0.334350 0.284460 0.284460 0.178350 0.000000 0.387760 0.387760 0.387760 0.387760 0.387760
Guangxi_Pangolin_P2V 0.469000 0.469000 0.569100 0.569100 0.569100 0.569100 0.613790 0.613790 0.524790 0.341488 0.316096 0.441090 0.441090 0.441090 1.743482 1.743482 1.743482 1.743482 1.727605 1.727605 1.570875 1.637382 1.521600 1.519308 1.579222 1.949410 1.504324 1.503149 2.882832 1.449825 1.606074 1.507715 0.453410 0.453410 0.403520 0.403520 0.297410 0.387760 0.000000 0.200000 0.200000 0.200000 0.200000
Guangxi_Pangolin_P1E 0.469000 0.469000 0.569100 0.569100 0.569100 0.569100 0.613790 0.613790 0.524790 0.341488 0.316096 0.441090 0.441090 0.441090 1.743482 1.743482 1.743482 1.743482 1.727605 1.727605 1.570875 1.637382 1.521600 1.519308 1.579222 1.949410 1.504324 1.503149 2.882832 1.449825 1.606074 1.507715 0.453410 0.453410 0.403520 0.403520 0.297410 0.387760 0.200000 0.000000 0.200000 0.200000 0.200000
Guangxi_Pangolin_P4L 0.469000 0.469000 0.569100 0.569100 0.569100 0.569100 0.613790 0.613790 0.524790 0.341488 0.316096 0.441090 0.441090 0.441090 1.743482 1.743482 1.743482 1.743482 1.727605 1.727605 1.570875 1.637382 1.521600 1.519308 1.579222 1.949410 1.504324 1.503149 2.882832 1.449825 1.606074 1.507715 0.453410 0.453410 0.403520 0.403520 0.297410 0.387760 0.200000 0.200000 0.000000 0.200000 0.200000
Guangxi_Pangolin_P5L 0.469000 0.469000 0.569100 0.569100 0.569100 0.569100 0.613790 0.613790 0.524790 0.341488 0.316096 0.441090 0.441090 0.441090 1.743482 1.743482 1.743482 1.743482 1.727605 1.727605 1.570875 1.637382 1.521600 1.519308 1.579222 1.949410 1.504324 1.503149 2.882832 1.449825 1.606074 1.507715 0.453410 0.453410 0.403520 0.403520 0.297410 0.387760 0.200000 0.200000 0.200000 0.000000 0.200000
Guangxi_Pangolin_P5E 0.469000 0.469000 0.569100 0.569100 0.569100 0.569100 0.613790 0.613790 0.524790 0.341488 0.316096 0.441090 0.441090 0.441090 1.743482 1.743482 1.743482 1.743482 1.727605 1.727605 1.570875 1.637382 1.521600 1.519308 1.579222 1.949410 1.504324 1.503149 2.882832 1.449825 1.606074 1.507715 0.453410 0.453410 0.403520 0.403520 0.297410 0.387760 0.200000 0.200000 0.200000 0.200000 0.000000